26706498
27557985
27916066
18215740
22057184
22964555
21785332
19264163
20466194
20540229
23639032
18344972
26061015
19883473
22363509
25047781
23346954
22277642
21517312
28369093
29599658
15346695
29324106
22026790
24520001
29121409
20154667
16220806
24030684
21857258
15488782
23014563
29908767
24610687
23936518
20573651
23357929
25144316
20571690
27666052
22875397
18359833
20620639
28355109
16841559
29828761
28593120
29183004
16308281
23130146
25418527
23803020
20287381
24742142
29885807
19583797
25797359
18073708
20082003
16416464
16805552
20507995
15744384
19692149
21970553
18287542
17019157
19772673
25539020
30418512
15775568
26339793
27471495
18932796
28164937
23844648
29592764
16154299
22165206
16068501
22411682
19147911
21758644
20441135
29267968
27584971
28490723
28371813
18262067
19560177
25920418
21022833
25726423
15576821
19956901
22467233
22233421
22053873
20277111
19727589
27376493
28601943
25144579
27564939
24443799
19064161
26275927
27369630
24700953
19037018
25748212
30399250
26914386
23124414
24670917
21263036
27368931
26655638
24275220
29670905
29569054
24543609
18900549
17656756
20853598
24030214
21870278
18707983
17733952
23427505
20992821
29107105
20834437
21751127
16960556
27862814
22239485
22863509
19558074
29253896
20285855
15477766
27662038
28512831
22474480
16879605
23345052
20848077
28001877
29134676
26365977
21244801
20933300
21877027
23546691
29945388
18007925
29577218
22013430
23989370
25814582
30141545
30439925
19146384
25215356
22526981
27139459
23007719
23979896
23812296
20545310
20375392
25885307
25066483
18415402
20173264
26022052
27521020
26350290
19922403
30107828
29063166
24945673
16932889
27513006
15932860
26247500
23712639
23300787
22633907
30411756
29984213
23011504
18291909
25146858
24825156
23220615
25996933
26804328
24728609
26901476
20794576
29948619
22896396
21760030
24032008
18765114
18764942
22564484
26855737
21988608
28306715
26874119
28190311
28055400
29606669
30710185
28268336
23144488
21115983
22873718
28311304
23722345
22354284
29589119
23538816
25408523
15806157
19050304
20648145
30157426
16820595
24353409
26664623
18028660
30062278
27857725
18037689
17838306
17377826
22065009
25179081
23741477
27834770
19786408
19932408
22869550
15586979
18029593
28224122
16539029
23074021
28794146
23911765
19145930
15910971
18185121
23181821
27427159
15533715
28509197
30467389
29849716
25632395
25240410
21980315
17050861
21664264
21530059
20005181
23238639
28790543
18920513
28497497
25311817
16300988
17598099
26863656
17542265
23379429
24004503
26410092
30303721
27156228
16927084
17146475
25554473
20198005
26676362
25161821
15676597
29736788
30097966
23856980
24318095
22128839
28376448
16737615
24785730
19805674
16884033
29469935
25692240
20935227
18990877
25741945
17080655
21173372
23092985
25740874
24057566
25305427
17567125
28315256
17373227
18695588
23973911
26605198
23901832
27857692
15460280
23507314
24009945
28699340
19297538
23236677
23703828
24023446
16227842
25280966
23583365
27585126
16948320
29677423
25560169
22457415
16320366
27890986
20733815
25143320
27146748
28151400
16682314
21972371
17497139
29141360
15552647
27958871
27248449
28179534
24096551
28056224
22585657
29119884
28383347
15439585
20160689
21723286
26034529
30063847
26267354
16720985
17622397
26319917
15816034
26462996
26649444
17977471
17061214
27590977
18632856
19971124
15617603
26395560
25395139
29388910
19864235
27716344
19062320
28166164
19718093
23654187
20105140
29943486
19269312
25024233
22337836
23767872
28939545
20648392
16980657
21508548
23584571
19713784
26429758
28282802
22822990
16963278
29964364
18931394
30499381
28011630
17465811
24459445
27401290
22755109
29304335
15782857
19581857
22471485
19815320
16936447
27155476
26377606
20766412
24894637
28787188
18694951
18515072
22551723
15400096
25910153
30469001
22847487
18757839
19883967
21482333
30086784
29783171
15677312
29118655
25270995
27200147
24195046
30486400
17328900
22970703
17799075
20128715
24762794
18595155
17889716
21379310
26852940
26229470
30124547
29710745
27996139
23267167
26666848
25649993
30653070
27938222
28403796
20384031
22545630
29326463
16956402
17142914
18970746
26730266
16192690
30318744
16035849
28074301
22759489
26793050
17985271
25570251
23231602
27940377
16184873
16673228
28937965
20581964
20483234
17461006
18269422
16933549
29688526
23110114
18452404
24426120
28654067
25989045
26503800
25260515
19105627
26199457
23251053
29381739
23528527
27990008
30335992
27347341
23912987
25501310
17556955
26313536
18384530
30472547
30265919
18472371
19277404
26753374
27714110
17856766
23806102
22637452
28034724
17463241
24958511
21231572
21072849
30412082
22208988
24608996
22536406
21686386
29447278
20041807
20245137
17459055
24915894
18513060
28498979
15651939
25339674
17552358
17627230
22583972
27339393
27370642
25255055
24417540
23310796
15682459
27882043
17690251
22136231
24449994
18025402
16883020
22894592
30149825
19034414
24073711
20220823
27088765
23855131
18340727
27095425
26429476
25251399
15398516
27561383
23372849
25188888
29969641
27846022
26195560
21032280
23302714
24666175
20110721
15414341
15517770
27955124
17007692
20849079
29138761
21047691
30063927
19582706
16172080
17490780
15714321
25169783
23759072
25926396
29832960
16717442
16315690
15682733
19617911
17419933
27196054
21711928
22536802
23182656
27357518
24461584
27129554
27430434
18087310
18414143
25966816
25041185
28510696
26989032
30438180
27372399
23222076
20093439
17117591
21049956
20620633
20342740
30150620
25651499
21163953
19211355
28378687
23866576
18138720
21152781
15918638
17646599
29446775
30198327
22074898
19702938
19523739
29277671
24592683
15529680
23046179
27676386
28640335
18365945
20908213
30681809
19643043
29814468
26677669
24954614
26475294
22922625
30323629
22172833
18157925
18770658
28255322
19675055
18621604
22158504
27597452
23480990
16242780
15918533
23929337
16303564
17045064
30172130
22192032
17717071
17140295
19680182
27965743
23064630
24032732
17014925
21282086
19949996
21725166
22239466
19960446
22033581
27894177
15554545
21300210
24404535
23966572
22966891
21967644
23500342
29700889
25394392
23576365
18386220
24256335
17449802
18260094
28913280
23553063
24836355
25448982
28055775
29039324
20842802
17497683
22378545
26211671
30625859
26998328
25002964
27121260
26619407
22348629
24848350
20034587
19929186
15891074
24161340
16338311
25043351
22881077
29519188
21872698
30295172
18011682
21692294
25814817
20517538
16170247
17940160
20822622
28789809
30626946
26447879
23990859
21006940
27697788
16031021
23467359
29393604
30343884
21191855
30035131
19018640
18970836
18113677
22700200
19305366
16913868
19515560
20050734
19696698
28660836
28409031
22231424
21330178
24765028
24714420
19174501
19530597
25673596
20407158
19923518
18854199
20230233
27967743
25634028
28897672
18064068
21117924
27375225
18115675
20089838
26555061
21122703
20309472
26824168
18943715
29779507
20610892
21699771
20830659
19063779
26719130
21189274
15543370
24668356
29250422
22738677
24508582
17933966
27018914
19407198
29109428
22689857
21057595
21984597
15392241
15411293
22891007
24022169
30248683
25436710
19270746
25101358
18382660
19664448
22021109
26598954
25899464
18586333
20747634
17209721
20893764
18314250
30539902
28699115
28805146
29071733
20270015
27314639
28300732
23090894
15990187
19139425
26696542
30103498
15735916
25323880
28604132
18685546
27937436
22458001
27397171
20059079
19067182
28330284
23253126
21587529
15771352
16409131
29303052
27439251
21631148
26712281
29712244
17575239
24197605
15742553
22616183
19316480
26630774
30713247
17123867
23253277
17620364
26443844
24391360
29943932
25043465
23510796
25351928
16177360
26805682
20889576
15796448
22905145
28576694
25425678
17861471
24736077
26791672
25626427
27702905
16379447
28720580
16691826
25191621
30265476
24733267
26790679
28021443
21996859
29292754
23947201
28455158
20448010
18388714
19447653
18906465
17348233
22667639
21096940
22053975
23170085
30159964
29586892
20410311
24715326
16275793
29565306
19780100
27989456
27658700
29556849
21187094
21710553
22402741
28679088
16848359
29544894
23828931
22261126
26561088
16297956
22364407
23756255
16813981
17288720
17688985
27173193
25349432
16118150
29245703
25824396
28845397
20493470
22938388
25467173
29206445
23371516
24396447
26678202
27479201
27825149
17706750
24818252
20505011
29815206
29352949
28320143
20182124
28662800
23233870
21262466
15429612
18461432
16963600
22834634
27590524
26300784
21670031
28276818
22269486
20069937
18016171
24368031
26763967
17124015
29740035
21986759
26643489
25077418
24825148
26993412
27654313
27937211
24519741
25184740
26500203
30400268
21958516
27540596
25926938
15497184
23867430
27295483
22909957
25335360
19061215
28712938
20302512
22844289
22109479
29976087
16655618
26608702
23657695
23236038
16956388
21044513
25567973
16322893
18807436
29861439
30145252
25636049
27765962
22926610
19394842
22156662
18270505
15880025
18461764
27023174
16879093
17627848
25019325
24504484
23950888
28663921
27611852
24976009
30370997
16568786
29676427
20067044
24091458
25693288
18368685
17807529
24066765
27059718
19093863
20640782
17129351
18939390
15373959
24134234
25603690
22448625
30453734
20609509
19228468
25374096
19096397
25725362
25455344
24285044
30563479
26420576
30062499
23192313
24283403
30090338
20481396
22431806
24339249
28061532
26981030
22146617
16690698
20080895
21092508
26201849
16471627
21476302
20775931
18659664
27269056
28095980
16311388
18595899
21911906
27786920
20798354
27724877
27943399
16484558
24283545
24664270
29628534
18666096
22207243
20957121
26988057
15449759
17024994
23739875
26059029
19556225
21967006
15454814
17448021
21821522
27481065
22942296
19130004
18031552
25001544
18404837
18720793
18974919
23270904
30661570
15801267
23600754
29788506
16074481
25755111
29955782
21141806
25926133
26304290
26678330
22914567
19464314
18182189
24960250
28633968
29588816
25704426
16709133
29503407
26767327
25792244
16925347
30301687
16210377
16492947
25010847
16954072
20125006
23650570
26898941
22522333
16301901
26440206
26049155
25879989
19405344
16815874
29536186
23309249
28868517
20163928
19985024
19354581
21640396
25144837
16744510
20128777
16505414
26633365
24023487
25167824
18635705
15443551
21348971
28543566
17238518
26698372
29995018
16207120
22731989
28020763
17924487
27105864
17954313
27479348
19591066
22474140
28981244
15542853
15782325
24374133
26768510
28885499
17109029
16680985
28532827
19615051
25755391
24905524
16768965
16592305
17224484
28438183
26557930
26396726
23096289
30523605
27659308
19790375
25336268
20052862
22039500
18225550
22800614
24906656
19138247
25759971
21649414
21555522
22716112
26221382
22197233
22421388
22546641
24553609
22522917
17388599
29979785
15873922
28517835
22453383
20875109
22499519
29149438
28556386
15564961
24632754
28041866
17197377
25530915
16246528
21557136
19760164
16376892
21532379
17712000
19444425
19420759
18112873
26846385
29797896
29240178
30699439
24132577
24534536
17036692
28791935
19279548
28382582
30528410
19710691
20961300
19215360
22878137
20600019
19890432
29496937
22146414
21115736
24330944
20518167
28895201
30039342
28682067
23106129
25286839
23914372
30631473
24727017
16115687
27864324
19457562
22747784
18417297
22348755
27444651
16199450
20704115
23695433
19878082
29521514
19100382
26409095
24421315
25511198
17610152
23177871
18977597
24889355
22426724
23361042
28229597
30369201
18711675
16487590
24003833
29052696
17411116
20570027
21036101
23789104
19868655
19285315
28528732
24619822
21696995
17694599
23752900
24519324
30259809
19410978
21519650
17355728
27764409
18865442
19476989
19820211
21618639
22049157
25930485
24176691
24343312
29971717
16655718
21988217
26138239
29694969
17045219
27310042
15544944
26133686
17358087
17697040
17092089
28226411
20727852
18954995
26080216
18711549
15583054
24770621
17778903
18387644
15356623
18471148
24222721
30146185
23690351
28970327
26247171
29802300
28884199
16643586
23128857
28879769
19935409
27050330
19711842
20037683
16167648
21859345
19640806
27462336
27567316
20839594
28356342
29767095
24984936
21244223
29977917
18999344
27554787
25981606
26650616
29771847
21579770
18421886
26699295
17499125
22415656
19414145
30097303
28303232
26153885
27146457
22838504
19991824
29094455
18518965
22559709
19166231
21369659
22306569
29229799
24908874
29571908
28172491
28629850
17629522
28960069
20274558
30031831
20676183
18458683
28079741
20957425
17167446
15391918
15568433
26196886
18193945
17030381
26941280
28231275
25207782
24660159
15527024
16026638
28939696
16610025
26659336
24958286
27590922
18250095
25416230
24532869
18250415
18583227
24488336
29233666
17065309
17788332
18296065
29702698
18161396
22580181
22302983
27250161
23309936
20344367
20791367
30541327
20612113
16150055
20948138
26370798
23033533
19176248
16164823
21134912
19938309
22246165
24766910
18076287
25162536
19659930
17879399
21077753
24751328
15961303
16973707
19268567
20323276
25537683
20526856
15907126
25836900
30301085
17432850
22055527
20330939
25795244
22573435
15818265
29271533
29367486
20269841
27585631
27642530
23727104
24448922
27804956
24392273
20302192
20918187
22752476
30536118
23528355
20808951
19495158
23948040
27016899
22773721
18312621
26010109
29813564
26420616
29336639
23462154
25704283
18864508
30649321
18026049
23203835
26914648
23409737
15781256
19980986
24427589
26918851
24764374
28705180
28477453
30542013
17920235
24728481
19633048
21373982
26763207
29169144
25049671
20047401
27319835
26297344
19214050
25036597
20365858
25859143
25260888
23082685
23643203
25216926
18403736
18392405
20020489
26848377
29062371
19443441
23552752
22591228
21644679
26078608
21086979
25069370
27783798
22853693
17075696
16453942
25982874
26124132
18023737
26810234
17960005
22667818
28606442
17897596
20037922
19204593
30374650
24344812
17373396
29948267
19534395
26713003
18219157
19248483
19554787
17989569
19258172
17491782
25398060
16154701
19179398
26963649
19395881
17791520
22358169
18602642
23863695
16030308
23144678
16819431
15420615
29614621
16128784
22955129
25558056
25346575
23577407
29552190
19905616
23227968
15515435
16347902
27991730
27626764
25432606
24258131
20206937
25461606
25317909
17886593
25069866
28218578
24693307
23925400
16946506
20111757
24708320
28471811
19470073
21913520
17402725
27835496
19177370
23053120
29704175
22597356
18954242
17738679
25291188
25933490
17479294
26894848
21041093
20607277
24418057
16454631
29800054
22333880
25765201
24120507
23680972
20899022
20266041
16835578
30356970
27737344
22200080
27865361
25279081
30619477
26824664
29199108
19166849
21299456
24845489
20952559
16067655
26748894
30180172
26265926
17233831
26828046
25173646
25624329
16971131
16591627
30558020
22247202
24375475
16905997
18256571
16467526
17705194
23719993
28898415
27049026
27037984
15669369
30002680
26353254
15674923
29265730
25582595
30679236
29721535
23308657
30621677
18585264
19219045
23480544
28800863
26219176
15455331
27264500
17694091
20690161
19449990
17966815
26427986
21966847
28353097
25413172
20131478
23345836
23736480
23801704
16431594
27590049
30274544
20563811
18030736
20477944
26336074
21287462
30654362
24988879
22056279
17314847
19493972
21563934
23923094
23927488
24818590
25469425
22990724
16526231
18259134
20947336
25792501
28264277
24420203
26257694
19901003
24079007
28827124
20231602
18133728
24244467
27079170
21228374
28791294
18700066
29953539
30398655
19997893
23902964
28299970
17969374
29368743
26216953
19846708
20681283
18034985
19252711
16885658
27736108
18965227
23555103
22753135
17879262
24246858
25112291
16825217
20833303
19968627
30254093
26240478
15980353
16953353
19074199
18398786
26003508
26885602
28628212
28495045
18083089
24317549
29629550
23669291
30012350
20681541
30419405
19481735
16410440
27361499
20596394
30262365
19011787
29881179
29269093
27902227
27054391
26786225
26223796
24537781
28414352
22024487
18098097
16275145
25616468
25778626
25410757
18393680
30185695
20370271
20293304
20594265
25390810
26820129
26236252
18742608
17029052
29395800
25454866
26527670
25061859
27384352
22503563
19792563
30015085
16528448
23756401
20910830
23137805
29350743
28708761
30612479
23520600
21901105
15414312
20544920
28741944
30398151
26880887
19212120
22592035
20809257
26326197
21275083
25196003
24703509
26166797
24747212
18785738
18825812
24491280
28564538
21435620
25494337
30440805
17749810
30195312
16566413
18179241
23323751
26202442
23399606
15547778
19470026
21371193
16387949
23024957
18201886
28694419
20260786
20490932
22137030
24443207
24717569
17888692
24843366
25415931
18336598
20390477
29778698
19845155
17871116
24958606
22991479
29877416
22498180
23143297
21231303
29288245
25802439
22300722
30235480
20081158
21685589
22225883
26634084
19481496
15771358
27405683
19168133
19531235
27890607
16167303
16487398
24677618
25375605
25633384
22652475
25669661
23002134
19367690
17877566
20810042
26192620
23348999
28530061
25798805
25659797
17488553
23951250
20124487
29185823
21016128
30703333
21155897
30703108
30421373
18826031
22186242
23008278
22049267
27519352
21275111
24047823
22815989
20511863
17817804
17083871
29181013
23663862
26987269
19790720
26337554
26677985
17542290
21680372
26337277
22152162
16321096
22560606
25872163
27045255
21588669
30009490
20190283
22128230
21797772
27021421
21069411
30346560
16463758
18233828
25745006
29595779
28344033
15408025
30063512
25501223
23726115
28702621
25848007
23871226
15355738
22661689
20260150
15939439
17943510
22935515
22797197
27697511
27565983
18839383
19686139
19748097
21915964
26603467
24984447
28485424
25911329
22068231
25485949
27873971
19776190
22524751
17812962
20580461
17770503
22008479
30355554
22516012
30226829
18259240
18725187
15833412
15867627
25164015
18903344
29115601
18891020
28253038
16404266
22417623
18223336
15955927
19241172
20056484
30576320
30157238
21848777
17214490
25819756
21872626
26023906
23375581
21852439
17171825
18959633
22532552
17085560
30657037
18833079
23780863
26720422
20638944
28972022
27404680
25072238
18622516
26234420
28095278
28904752
28149881
20952967
15600045
20585156
23474148
17707570
20318629
18357536
25735154
22452225
24689274
23297357
26591494
30092251
20251982
20016313
23503826
22296220
20844844
27523768
21648645
23965674
21039616
20618666
29271752
17284436
16089684
18538956
17201759
30116922
29927695
30333233
18070508
17299439
20041828
19341846
26724148
28356668
21148594
18637319
30373127
28003089
30629833
16076405
27408693
29502959
25568989
23511721
18587541
29884506
23650903
20305505
15813857
21533639
16160066
24905631
21630859
18555327
27291602
21856760
30640386
21231189
19116564
30716836
28351069
22041092
22123613
20044085
18267380
21129771
25634672
20503959
21018339
28225028
17195763
15966088
28699117
21206566
17220454
23195140
19579355
19929383
25138148
19544530
15424794
30290206
15646348
26938078
20013207
27306045
21876790
27092330
17001170
27911015
21292676
29207217
22677119
19322013
29486603
26147521
30211661
17363279
22425817
30162802
21334976
25611819
20772646
28997866
26459129
30651523
22769643
27546919
20776868
23632551
19570769
29079713
29083237
22907356
27709091
18365167
22671271
28855680
17569202
21697599
16853325
23896224
27795985
24727897
18716961
16194078
27859157
27342783
17835070
18552403
29911113
19496218
27734887
29853442
30083917
28589701
20418103
17411343
25286823
30125228
17918809
25191581
21613991
18345627
18967084
26455916
28513897
28579484
20135088
26134962
19018210
30170975
19773372
15543196
28138150
27657693
24125027
20397219
16731534
17686598
19351304
27795438
18375698
24206477
25252737
21231441
24832446
28502874
19639336
24974925
24885402
18434327
21786177
28079870
28951967
17034965
26119541
23435525
21235418
24921080
28455010
16357116
17360878
18423090
18243547
29472784
17568154
23173737
16845089
22114748
17444466
24108114
30541325
26108758
21484020
22954666
28686985
16961496
17752670
23665584
16065805
18079870
23701919
17562057
26208266
28979307
18477388
18681830
30055172
22304735
23937592
23766438
16061102
26386650
19607969
30091742
27793587
17365922
29613418
17529060
28809036
20766197
20487382
29473283
18414829
30339054
18037038
17527111
20102431
19062033
29135110
28932898
23581451
23484037
25992856
26292736
23088709
15665701
26082244
18174453
29437470
29115223
21435125
25297426
15649202
27355618
15446658
26789089
30302226
23274730
22121368
25509229
29941211
18682558
22462224
29231775
28105423
26145922
28187204
27298828
17458057
25625796
28875703
25204372
22895525
27243574
27821517
24393865
27615615
17416373
26727894
25006528
30205241
16724734
21443036
26581654
18085059
16408434
19975252
29002219
16408445
21268266
18229551
24817709
17824561
16180518
15706058
27250591
17412551
20443914
25850184
26731398
30209301
22748126
22425803
27516332
23384079
17816843
25162579
20746263
16060395
17353377
21772538
18968478
25426741
28175800
21536360
21868779
15768036
29900942
28504854
27595972
24180715
20934873
30473056
29836054
26974678
23670413
23923876
29197095
16497927
19791392
30073614
30713743
25736286
18573203
30296426
26001719
23930252
25746685
27672947
23902577
16793031
18709379
19675510
26851104
16214953
29081524
29825286
30224232
24212797
17450399
21006501
26508475
28054037
27955808
16441976
21304227
25517432
27110423
20417867
23178863
15986848
21013559
23890280
17030075
18717953
17313842
16282542
17294272
16002984
21078607
16837197
25085819
17486521
28357803
19197257
29667052
19847452
27182104
21808736
16530438
17523843
28361755
25314480
20554893
26483131
29055040
16546934
19139723
28353744
23651406
17714048
18039341
18587286
23827795
29014283
26394233
27145328
21760244
23688185
26862480
30507323
27997430
26161962
26954623
29163168
30651829
25043369
17307824
24071255
17993272
25733548
20366489
29094952
25504118
25334040
16108822
28066436
27077689
23299565
17900412
20955707
26330656
28477694
20121764
29022481
18618330
19640513
19944556
24389789
27715165
25202977
16957041
25211780
19876632
18151450
15357965
29520491
18355430
16442020
28176048
29002656
16291532
26582770
22270617
16513974
28489637
17128519
24407448
18495360
27202948
18140797
27322102
25215602
28831949
21825226
21009051
21606516
25381070
15997240
29765283
25741665
23120872
25955689
19016773
15466190
30601810
29515592
30670238
21484042
18127020
24428794
24292834
22118475
17315786
20317810
18421802
19454517
18495760
17742294
21294936
24352957
26407244
30392284
16337228
17491469
17433347
18393611
25674707
16885896
27371159
27986028
18807407
16707867
20699076
26218362
21015644
