 16220806
 25872163
 15542853
 18365945
 18415402
 19639336
 26049155
 17050861
 15568433
 25741945
 27955808
 23911765
 26655638
 28490723
 24108114
 25394392
 26134962
 18716961
 26998328
 26699295
 25251399
 25317909
 25280966
 19481496
 16154701
 15677312
 25989045
 16387949
 24391360
 19037018
 22964555
 20154667
 29606669
 18007925
 20418103
 19640806
 20503959
 21268266
 21696995
 28164937
 23137805
 21786177
 19074199
 19166231
 22878137
 24427589
 27105864
 21631148
 28720580
 17214490
 25314480
 15466190
 20410311
 18968478
 19815320
 18098097
 29207217
 28061532
 30039342
 25501310
 29324106
 16347902
 23064630
 28187204
 28353097
 16885658
 28471811
 29022481
 29121409
 24375475
 19464314
 27045255
 28640335
 16737615
 18026049
 18423090
 25517432
 24195046
 30625859
 23803020
 30092251
 29552190
 15355738
 29381739
 24660159
 28712938
 21857258
 22053975
 30097966
 19901003
 24352957
 25802439
 28845397
 22109479
 21231189
 15517770
 21877027
 26336074
 24889355
 30290206
 18965227
 29941211
 16954072
 26353254
 24392273
 28787188
 15583054
 18785738
 24125027
 20545310
 28497497
 25511198
 24728609
 20934873
 18393611
 23576365
 17294272
 16416464
 22753135
 21334976
 25164015
 28601943
 23503826
 26440206
 17542290
 29995018
 28979307
 18250095
 29788506
 26059029
 28074301
 28898415
 18999344
 23474148
 22909957
 25992856
 21618639
 24984936
 21587529
 22013430
 24988879
 28282802
 22815989
 16154299
 20370271
 16841559
 30103498
 26153885
 28504854
 26643489
 25568989
 26666848
 28686985
 19713784
 25494337
 15543370
 27092330
 21508548
 30528410
 25725362
 23756401
 26555061
 26880887
 19847452
 26219176
 16879093
 29884506
 28489637
 18725187
 29094952
 17969374
 26313536
 20600019
 28913280
 28895201
 26022052
 29676427
 23703828
 15600045
 27783798
 22474480
 25408523
 18720793
 17411116
 26852940
 25240410
 26211671
 15966088
 28951967
 28972022
 22425817
 16115687
 20676183
 29783171
 25735154
 22471485
 24426120
 30343884
 26108758
 27714110
 19341846
 18518965
 17045219
 28079870
 28224122
 17220454
 30323629
 23236677
 30254093
 24418057
 19100382
 19420759
 30295172
 19496218
 27018914
 18458683
 24520001
 27375225
 23806102
 26455916
 22677119
 28253038
 19269312
 18296065
 26396726
 29199108
 20034587
 18359833
 27376493
 27764409
 19675510
 21751127
 17575239
 20830659
 18807407
 24717569
 23182656
 27050330
 24703509
 26240478
 22431806
 24508582
 28371813
 20305505
 30195312
 18223336
 29138761
 19252711
 18472371
 29472784
 18157925
 26713003
 27737344
 18179241
 19633048
 29908767
 24161340
 24894637
 26954623
 27846022
 19786408
 24032008
 20554893
 19174501
 26202442
 21711928
 22667639
 25260515
 18174453
 16164823
 26216953
 29469935
 21482333
 28705180
 22207243
 20059079
 22136231
 16566413
 20609509
 22152162
 29055040
 19248483
 16410440
 27585126
 25797359
 23690351
 26420576
 19591066
 19883473
 30157426
 16357116
 25848007
 20849079
 24714420
 18386220
 25162579
 23302714
 26974678
 23346954
 19702938
 27481065
 19570769
 27561383
 23726115
 18250415
 16610025
 25041185
 23951250
 27991730
 26267354
 24317549
 16291532
 22118475
 16300988
 24030684
 23639032
 17598099
 23555103
 22838504
 19876632
 29704175
 28176048
 15617603
 21300210
 19664448
 20135088
 26901476
 18269422
 30467389
 19493972
 17433347
 16957041
 26061015
 27139459
 22453383
 28034724
 20505011
 24766910
 22914567
 25162536
 21304227
 19204593
 25085819
 22024487
 21044513
 30657037
 29667052
 24459445
 18345627
 22559709
 28512831
 19905616
 18030736
 25191621
 17499125
 25426741
 16321096
 28970327
 19145930
 24488336
 26805682
 29588816
 25390810
 30713247
 22591228
 25624329
 21848777
 16837197
 22536406
 27471495
 24785730
 30499381
 29521514
 18637319
 28356668
 22197233
 27557985
 15488782
 15768036
 16167648
 19219045
 21077753
 30601810
 15497184
 18495760
 16338311
 23552752
 24519324
 24180715
 15801267
 19241172
 26727894
 24553609
 28041866
 16194078
 26696542
 22580181
 22797197
 23866576
 21967644
 22021109
 29519188
 30124547
 16487590
 30146185
 26475294
 19067182
 29710745
 24374133
 26634084
 16724734
 28382582
 30411756
 25501223
 29861439
 21057595
 29571908
 15910971
 18694951
 21435620
 23937592
 23680972
 18695588
 28579484
 24727017
 17924487
 16408434
 17412551
 15646348
 22970703
 15735916
 22426724
 16303564
 23480544
 20620633
 26561088
 17014925
 29393604
 24843366
 18632856
 27662038
 15454814
 28981244
 28054037
 30226829
 17879262
 22516012
 26605198
 15782857
 21292676
 16409131
 26898941
 21086979
 20733815
 21373982
 23357929
 24023487
 17646599
 21115736
 23867430
 25745006
 28532827
 23669291
 16805552
 22457415
 23008278
 22186242
 17479294
 15651939
 16128784
 15357965
 26664623
 24700953
 15527024
 30716836
 19718093
 24285044
 29039324
 19845155
 18826031
 16845089
 26339793
 26619407
 21697599
 24825156
 16913868
 16199450
 29948267
 16060395
 18807436
 15449759
 16192690
 28790543
 24353409
 29945388
 16946506
 23011504
 30412082
 29303052
 24848350
 23651406
 30541325
 15543196
 18434327
 27342783
 19476989
 18259134
 23253277
 22354284
 27145328
 25933490
 26598954
 16820595
 23253126
 18931394
 29778698
 30472547
 18943715
 28791294
 21435125
 19878082
 21686386
 30015085
 22233421
 25144316
 22755109
 15460280
 19659930
 17610152
 30621677
 18025402
 26192620
 26223796
 30670238
 16720985
 25748212
 24664270
 28330284
 26790679
 28409031
 25191581
 18393680
 16484558
 19864235
 21680372
 16953353
 21588669
 27016899
 24132577
 20952967
 25570251
 27401290
 27054391
 18073708
 19139723
 25814582
 26462996
 21859345
 17124015
 21047691
 28791935
 20571690
 18365167
 28937965
 24212797
 25006528
 22853693
 19515560
 18770658
 25179081
 15907126
 26394233
 17197377
 28268336
 22172833
 28530061
 16210377
 22417623
 29350743
 26257694
 27357518
 20690161
 16546934
 20526856
 26082244
 22905145
 28355109
 22033581
 17061214
 15649202
 22532552
 18833079
 27865361
 15455331
 27462336
 23427505
 22847487
 22239485
 30346560
 23736480
 19711842
 19138247
 27590922
 22966891
 18495360
 26119541
 23712639
 19454517
 29288245
 27565983
 17705194
 27890986
 15891074
 25669661
 27298828
 26677985
 17697040
 28904752
 16884033
 26459129
 25311817
 25339674
 25374096
 23650903
 16835578
 27269056
 18461432
 21966847
 17353377
 21484042
 29885807
 17569202
 25792244
 25859143
 25291188
 25673596
 21533639
 30035131
 18757839
 22452225
 16885896
 25603690
 30145252
 24974925
 22616183
 22935515
 23409737
 28884199
 26885602
 23110114
 20596394
 30301085
 24825148
 25567973
 17463241
 16497927
 28702621
 21148594
 23863695
 15742553
 23007719
 24428794
 26810234
 29094455
 22402741
 26988057
 19607969
 26247500
 20648392
 26420616
 17918809
 22348629
 20618666
 24407448
 28066436
 25926396
 16492947
 18764942
 19495158
 15939439
 25634672
 17019157
 19285315
 21555522
 22039500
 25335360
 20957121
 23827795
 17083871
 30002680
 23896224
 27405683
 21072849
 20173264
 18977597
 18029593
 24420203
 21187094
 30062278
 29765283
 27546919
 30558020
 24079007
 20081158
 26208266
 26001719
 28179534
 26608702
 27129554
 18260094
 22049157
 18219157
 21519650
 24984447
 27882043
 30180172
 22296220
 16320366
 27736108
 23688185
 20302512
 23144678
 25196003
 22991479
 30149825
 18344972
 30301687
 21152781
 23144488
 15547778
 22208988
 30339054
 20231602
 27173193
 29447278
 22522333
 19558074
 24443799
 29797896
 25819756
 27430434
 20563811
 24003833
 29503407
 27857725
 26124132
 23766438
 26410092
 24339249
 23053120
 19105627
 21096940
 20052862
 27322102
 29231775
 23583365
 15533715
 28564538
 27049026
 22358169
 25704426
 19534395
 21901105
 15986848
 24009945
 23902577
 23871226
 22716112
 18602642
 23581451
 24404535
 25792501
 27716344
 20302192
 26337554
 29446775
 29976087
 28356342
 20093439
 24592683
 19935409
 24736077
 27554787
 15515435
 25415931
 25010847
 25066483
 19932408
 25069370
 25072238
 25674707
 20128777
 26199457
 20131478
 30083917
 29515592
 25188888
 17770503
 29953539
 29694969
 16076405
 30710185
 28231275
 21532379
 17712000
 30453734
 23553063
 25996933
 18666096
 23106129
 23467359
 30542013
 30356970
 30523605
 16308281
 28694419
 21797772
 25077418
 27697511
 19062033
 25736286
 25509229
 19457562
 19264163
 18076287
 20957425
 24610687
 15781256
 30062499
 28149881
 16539029
 21275083
 26706498
 28879769
 22306569
 22137030
 15665701
 23484037
 22700200
 23033533
 17497683
 23912987
 26265926
 26678330
 29197095
 17562057
 17360878
 28311304
 25002964
 17373396
 29163168
 21958516
 21579770
 16961496
 17307824
 28218578
 22165206
 15576821
 21685589
 17377826
 29502959
 21244801
 16682314
 20490932
 18398786
 25530915
 23979896
 17688985
 26275927
 20417867
 26221382
 19544530
 18573203
 22545630
 18403736
 15669369
 25161821
 19367690
 16275145
 26863656
 27626764
 22068231
 20041828
 16108822
 20037922
 27513006
 27368931
 18974919
 26201849
 30541327
 19643043
 29292754
 24818590
 27997430
 20809257
 19050304
 29149438
 21173372
 29169144
 30107828
 22895525
 29688526
 17117591
 16167303
 25334040
 21876790
 24246858
 27155476
 18939390
 16322893
 29767095
 22411682
 21206566
 27697788
 16463758
 17432850
 23780863
 25216926
 26719130
 30205241
 19773372
 27540596
 16177360
 28151400
 16242780
 26330656
 20487382
 26824664
 27182104
 16879605
 30619477
 29473283
 29964364
 18682558
 23856980
 21868779
 25649993
 22026790
 17567125
 30631473
 19395881
 28276818
 28255322
 20089838
 28556386
 19197257
 29135110
 29206445
 27642530
 28875703
 25755111
 20961300
 27243574
 15706058
 24715326
 17694599
 25270995
 18243547
 22834634
 22536802
 17363279
 30539902
 21078607
 19064161
 21371193
 18388714
 29677423
 20727852
 20638944
 25351928
 22049267
 22300722
 23812296
 21263036
 16971131
 19410978
 19686139
 26350290
 17030075
 17523843
 17686598
 18954995
 20507995
 22922625
 19394842
 23739875
 20540229
 30224232
 20573651
 19727589
 30576320
 23300787
 29141360
 22869550
 28741944
 16707867
 24206477
 23600754
 27347341
 17195763
 27990008
 22425803
 27523768
 27611852
 25286823
 30486400
 16471627
 23844648
 30373127
 23741477
 27989456
 19748097
 27264500
 21294936
 22907356
 18287542
 18854199
 29614621
 24032732
 27666052
 22333880
 20044085
 25704283
 30259809
 29911113
 26147521
 29536186
 17497139
 19481735
 21039616
 24047823
 19556225
 17355728
 19791392
 30703108
 20110721
 18023737
 15544944
 18336598
 30439925
 25537683
 23665584
 26443844
 17085560
 27659308
 27516332
 17993272
 25144579
 25626427
 30355554
 27724877
 26247171
 17416373
 29063166
 19168133
 28477694
 26581654
 23901832
 23520600
 20102431
 15833412
 24344812
 26855737
 16530438
 16526231
 26862480
 17140295
 29229799
 20947336
 16214953
 15682733
 28660836
 19583797
 28225028
 24958286
 19531235
 24120507
 30507323
 27121260
 16815874
 18031552
 26300784
 29233666
 24318095
 22041092
 29183004
 16592305
 16927084
 18552403
 17627848
 21856760
 20517538
 20889576
 18685546
 22752476
 18312621
 17315786
 18417297
 21287462
 23002134
 27339393
 25047781
 16376892
 16150055
 18513060
 18233828
 24976009
 16813981
 23632551
 26429476
 22231424
 27864324
 19297538
 16948320
 21996859
 17954313
 15771352
 25448982
 20111757
 22522917
 23936518
 23701919
 27943399
 19615051
 24393865
 16848359
 26429758
 21484020
 23663862
 25260888
 20648145
 20483234
 18700066
 25255055
 27902227
 28315256
 16731534
 17029052
 28699115
 21988217
 20580461
 23855131
 25461606
 30421373
 29900942
 22114748
 20699076
 23650570
 28138150
 25019325
 26659336
 19960446
 22738677
 27110423
 30398151
 20041807
 30097303
 18461764
 21244223
 28682067
 24197605
 23274730
 28708761
 21536360
 30419405
 19443441
 21967006
 30703333
 15980353
 28510696
 20544920
 15714321
 19805674
 18414143
 25167824
 27146748
 28699340
 21821522
 23361042
 16089684
 17877566
 27371159
 28827124
 20798354
 20570027
 16963278
 21913520
 21231572
 25279081
 23966572
 19846708
 25632395
 17209721
 27521020
 22891007
 18421802
 26582770
 23584571
 21870278
 24534536
 26993412
 17985271
 27427159
 26791672
 17879399
 22156662
 26963649
 26508475
 19214050
 17129351
 28485424
 19617911
 19780100
 27314639
 16454631
 16297956
 20681283
 22661689
 22128230
 16505414
 16337228
 29849716
 25252737
 29569054
 22881077
 30009490
 28699117
 26386650
 22074898
 21970553
 23923094
 28502874
 26503800
 19968627
 25920418
 27595972
 24396447
 29712244
 20082003
 22689857
 20822622
 21299456
 28300732
 25759971
 19061215
 25836900
 21036101
 23192313
 27804956
 19582706
 28517835
 18586333
 29977917
 18225550
 28855680
 25323880
 25346575
 20844844
 28628212
 21725166
 29544894
 22146414
 16690698
 30063847
 16936447
 24915894
 19997893
 26337277
 22053873
 18267380
 29336639
 27821517
 26874119
 18414829
 23379429
 25910153
 29984213
 17940160
 16227842
 27479201
 17109029
 22448625
 20056484
 20050734
 19179398
 22863509
 29670905
 25746685
 18967084
 24275220
 30398655
 15346695
 20833303
 20955707
 29802300
 25955689
 15961303
 27702905
 24283403
 27940377
 25733548
 27021421
 23348999
 18387644
 30651829
 15676597
 20206937
 19270746
 28455158
 18585264
 24905524
 23297357
 18839383
 19268567
 26603467
 23435525
 19792563
 18452404
 25144837
 27567316
 25741665
 20182124
 19523739
 15552647
 30116922
 23270904
 17238518
 27156228
 25398060
 21984597
 18079870
 29943932
 19956901
 25410757
 23323751
 24023446
 27654313
 24176691
 16207120
 17075696
 22748126
 21517312
 18765114
 18970746
 15356623
 24689274
 23074021
 18259240
 28079741
 26649444
 18215740
 22304735
 22731989
 20808951
 27890607
 24073711
 17706750
 18587286
 20952559
 16513974
 26650616
 25436710
 23973911
 19166849
 26557930
 28495045
 23930252
 26987269
 29367486
 27765962
 25432606
 26793050
 25454866
 25375605
 26010109
 24670917
 23654187
 28414352
 26133686
 16315690
 25455344
 21049956
 20875109
 17402725
 19279548
 21644679
 20610892
 29271752
 17142914
 28299970
 18384530
 17694091
 30063927
 23756255
 24693307
 24244467
 25049671
 29253896
 23372849
 18622516
 19146384
 17458057
 29971717
 30400268
 25636049
 17933966
 20124487
 29877416
 24030214
 26297344
 17146475
 20704115
 17034965
 25625796
 27408693
 19011787
 29577218
 26003508
 30055172
 25879989
 24632754
 23789104
 24751328
 23965674
 17328900
 25061859
 29948619
 26848377
 15813857
 25981606
 24096551
 22560606
 21640396
 26161962
 18970836
 19929186
 17348233
 30370997
 29565306
 20080895
 28543566
 30150620
 18357536
 25305427
 18382660
 19530597
 26824168
 24765028
 25692240
 27795438
 27519352
 15806157
 16118150
 15674923
 17552358
 27306045
 21163953
 29071733
 20309472
 21530059
 29388910
 26407244
 26914648
 17448021
 25467173
 16404266
 29700889
 18635705
 19215360
 17738679
 24958511
 29079713
 23528355
 28438183
 24292834
 27585631
 17897596
 29134676
 30399250
 17690251
 26748894
 29881179
 23767872
 21228374
 29119884
 30125228
 21348971
 30090338
 25204372
 28593120
 28589701
 20681541
 29083237
 27795985
 19696698
 22363509
 19776190
 27873971
 19018210
 19414145
 20477944
 30713743
 20581964
 23195140
 24817709
 20390477
 19760164
 29800054
 18709379
 23759072
 25926938
 21041093
 22261126
 23371516
 19640513
 21129771
 28105423
 19211355
 23375581
 29267968
 17171825
 22990724
 29927695
 23178863
 20448010
 21664264
 30031831
 26377606
 16793031
 19883967
 23657695
 24443207
 17450399
 28369093
 25765201
 25798805
 15816034
 27834770
 30198327
 17966815
 19680182
 18193945
 30172130
 16883020
 29702698
 23528527
 16026638
 20365858
 30651523
 18291909
 27444651
 24066765
 21872698
 30469001
 27196054
 19277404
 17092089
 16956388
 15373959
 25651499
 22302983
 23143297
 27793587
 23220615
 19772673
 20366489
 30563479
 23399606
 22551723
 20853598
 22269486
 22277642
 23950888
 27894177
 16035849
 26633365
 24954614
 19692149
 21710553
 17707570
 24677618
 16275793
 23170085
 30333233
 25539020
 26427986
 29062371
 23088709
 26768510
 29556849
 16932889
 24885402
 24283545
 30649321
 28885499
 28932898
 22474140
 28011630
 18161396
 18538956
 30235480
 30654362
 22773721
 22415656
 27077689
 18229551
 22158504
 17620364
 26023906
 20013207
 26938078
 16905997
 28357803
 17717071
 30086784
 29245703
 19444425
 24258131
 18270505
 15771358
 27384352
 25202977
 26395560
 18392405
 24845489
 28606442
 28303232
 24945673
 22564484
 29181013
 30265476
 30170975
 18477388
 18087310
 21872626
 27250161
 20518167
 17920235
 17568154
 18064068
 22747784
 22667818
 20037683
 21808736
 26894848
 28226411
 19322013
 24770621
 30091742
 25381070
 17224484
 15990187
 19305366
 30440805
 23927488
 21262466
 16956402
 25911329
 25582595
 20948138
 28663921
 22573435
 23267167
 30185695
 23695433
 20160689
 17542265
 19579355
 28056224
 24491280
 17459055
 21785332
 29118655
 20848077
 26483131
 17411343
 30612479
 21443036
 16568786
 16528448
 29277671
 22800614
 22633907
 25558056
 29269093
 16467526
 27059718
 20121764
 25982874
 23130146
 29115601
 22467233
 29589119
 20933300
 17491469
 17977471
 16408445
 20935227
 26229470
 30335992
 24222721
 22121368
 19093863
 24421315
 22503563
 21189274
 28403796
 27479348
 17284436
 30265919
 27857692
 25036597
 26981030
 19116564
 18201886
 29599658
 22200080
 20607277
 26500203
 22246165
 27676386
 28190311
 26370798
 27095425
 26763967
 26763207
 28604132
 25146858
 30262365
 29109428
 27200147
 28095278
 23299565
 17486521
 16973707
 27439251
 16717442
 28654067
 26236252
 20105140
 29979785
 23222076
 29486603
 30274544
 21330178
 19923518
 30369201
 27590049
 26676362
 23925400
 20585156
 19581857
 29240178
 19407198
 26166797
 28361755
 19447653
 23480990
 25469425
 18515072
 28455010
 18471148
 22123613
 16819431
 23345052
 23251053
 25215602
 17778903
 30374650
 30661570
 24832446
 26730266
 21191855
 26677669
 17461006
 29185823
 21092508
 22458001
 22499519
 29628534
 27023174
 18587541
 21069411
 19063779
 28509197
 22526981
 25286839
 25138148
 27911015
 22954666
 25778626
 28513897
 25885307
 29740035
 27965743
 17656756
 16853325
 20069937
 18711549
 17358087
 23238639
 29250422
 25024233
 22844289
 24619822
 24958606
 23173737
 23233870
 23231602
 25616468
 27657693
 25966816
 21141806
 26789089
 17123867
 25740874
 22938388
 17299439
 24747212
 17419933
 22498180
 26786225
 28960069
 25726423
 20481396
 24742142
 27859157
 21231441
 16709133
 20125006
 25824396
 23046179
 29107105
 17030381
 28939545
 17622397
 22128839
 25416230
 23345836
 25395139
 19212120
 20640782
 28229597
 21231303
 29969641
 24343312
 25349432
 18583227
 26820129
 17233831
 28809036
 15446658
 15554545
 28264277
 16282542
 19710691
 20407158
 24727897
 26941280
 26138239
 25485949
 28789809
 18083089
 29779507
 28351069
 16441976
